15.07.2015	11.508,34	11.539,66	11.566,02	11.475,96
14.07.2015	11.456,54	11.516,90	11.519,36	11.414,39
13.07.2015	11.489,17	11.484,38	11.506,98	11.421,82
10.07.2015	11.170,71	11.315,63	11.339,78	11.149,27
09.07.2015	10.795,11	10.996,41	11.035,04	10.784,47
08.07.2015	10.710,29	10.747,30	10.802,80	10.652,79
07.07.2015	10.930,02	10.676,78	10.946,87	10.663,99
06.07.2015	10.825,06	10.890,63	10.996,45	10.823,55
03.07.2015	11.082,04	11.058,39	11.123,18	11.005,76
02.07.2015	11.191,28	11.099,35	11.229,01	11.078,59
01.07.2015	11.050,32	11.180,50	11.283,76	10.979,21
30.06.2015	11.058,04	10.944,97	11.137,14	10.897,97
29.06.2015	11.404,71	11.083,20	11.409,81	10.964,24
26.06.2015	11.387,13	11.492,43	11.561,83	11.373,44
25.06.2015	11.410,62	11.473,13	11.594,24	11.352,40
24.06.2015	11.566,35	11.471,26	11.589,35	11.364,45
23.06.2015	11.552,96	11.542,54	11.635,85	11.517,12
22.06.2015	11.138,71	11.460,50	11.470,25	11.138,55
19.06.2015	11.121,30	11.040,10	11.246,27	10.997,90
18.06.2015	10.937,67	11.100,30	11.109,76	10.806,15
17.06.2015	11.066,75	10.978,01	11.115,38	10.947,37
16.06.2015	10.910,01	11.044,01	11.074,34	10.797,85
15.06.2015	11.053,21	10.984,97	11.090,71	10.952,74
12.06.2015	11.286,56	11.196,49	11.365,92	11.069,36
11.06.2015	11.242,87	11.332,78	11.452,94	11.236,58
10.06.2015	10.970,41	11.265,39	11.299,61	10.939,51
09.06.2015	11.025,08	11.001,29	11.071,61	10.864,68
08.06.2015	11.131,86	11.064,92	11.224,56	11.059,16
05.06.2015	11.241,43	11.197,15	11.287,20	11.155,01
04.06.2015	11.370,57	11.340,60	11.449,70	11.187,43
03.06.2015	11.359,80	11.419,62	11.515,21	11.300,36
02.06.2015	11.467,07	11.328,80	11.467,07	11.270,57
01.06.2015	11.462,97	11.436,05	11.510,93	11.345,10
29.05.2015	11.685,66	11.413,82	11.704,39	11.403,82
28.05.2015	11.716,08	11.677,57	11.773,79	11.605,99
27.05.2015	11.647,04	11.771,13	11.790,35	11.595,12
26.05.2015	11.841,48	11.625,13	11.920,31	11.586,35
22.05.2015	11.881,49	11.815,01	11.881,81	11.792,31
21.05.2015	11.815,43	11.864,59	11.868,70	11.758,81
20.05.2015	11.858,47	11.848,47	11.871,49	11.780,02
19.05.2015	11.709,87	11.853,33	11.873,28	11.706,85
18.05.2015	11.464,80	11.594,28	11.594,96	11.378,86
15.05.2015	11.593,20	11.447,03	11.632,36	11.383,23
14.05.2015	11.299,19	11.559,82	11.579,80	11.218,54
13.05.2015	11.532,97	11.351,46	11.596,47	11.301,63
12.05.2015	11.557,97	11.472,41	11.565,20	11.377,35
11.05.2015	11.674,52	11.673,35	11.702,13	11.622,02
08.05.2015	11.483,07	11.709,73	11.710,41	11.415,29
07.05.2015	11.265,13	11.407,97	11.437,57	11.167,55
06.05.2015	11.377,58	11.350,15	11.457,93	11.239,86
05.05.2015	11.576,12	11.327,68	11.751,22	11.322,62
04.05.2015	11.506,84	11.619,85	11.656,89	11.411,77
30.04.2015	11.440,79	11.454,38	11.570,64	11.331,37
29.04.2015	11.864,40	11.432,72	11.885,05	11.410,54
28.04.2015	12.035,56	11.811,66	12.047,38	11.743,78
27.04.2015	11.881,25	12.039,16	12.050,71	11.729,04
24.04.2015	11.783,56	11.810,85	11.881,05	11.711,10
23.04.2015	11.887,14	11.723,58	11.940,21	11.675,58
22.04.2015	11.984,39	11.867,37	12.041,38	11.787,22
21.04.2015	11.994,82	11.939,58	12.079,03	11.913,36
20.04.2015	11.736,40	11.891,91	11.903,70	11.727,02
17.04.2015	11.942,36	11.688,70	12.019,75	11.674,59
16.04.2015	12.224,76	11.998,86	12.227,59	11.997,75
15.04.2015	12.220,10	12.231,34	12.326,14	12.214,81
14.04.2015	12.306,36	12.227,60	12.339,81	12.181,20
13.04.2015	12.357,27	12.338,73	12.388,13	12.326,71
10.04.2015	12.226,98	12.374,73	12.390,75	12.214,51
09.04.2015	12.099,43	12.166,44	12.166,44	12.047,91
08.04.2015	12.109,85	12.035,86	12.122,32	12.017,80
07.04.2015	12.057,34	12.123,52	12.149,31	12.035,70
02.04.2015	11.991,62	11.967,39	12.020,11	11.948,83
01.04.2015	11.902,92	12.001,38	12.112,98	11.880,19
31.03.2015	12.054,20	11.966,17	12.119,71	11.943,12
30.03.2015	11.927,14	12.086,01	12.090,14	11.922,71
27.03.2015	11.920,22	11.868,33	11.954,09	11.799,03
26.03.2015	11.736,34	11.843,68	11.849,39	11.619,72
25.03.2015	11.995,09	11.865,32	12.022,84	11.858,23
24.03.2015	11.821,21	12.005,69	12.030,59	11.797,67
23.03.2015	11.984,79	11.895,84	11.985,11	11.858,10
20.03.2015	11.942,16	12.039,37	12.087,61	11.926,86
19.03.2015	11.897,48	11.899,40	12.001,13	11.787,30
18.03.2015	12.002,24	11.922,77	12.017,91	11.814,48
17.03.2015	12.163,08	11.980,85	12.195,58	11.930,54
16.03.2015	11.955,82	12.167,72	12.219,05	11.955,33
13.03.2015	11.845,90	11.901,61	11.903,33	11.744,93
12.03.2015	11.795,91	11.799,39	11.830,14	11.754,90
11.03.2015	11.531,55	11.805,99	11.822,53	11.531,55
10.03.2015	11.555,97	11.500,38	11.577,75	11.402,67
09.03.2015	11.510,35	11.582,11	11.586,94	11.461,86
06.03.2015	11.513,89	11.550,97	11.600,37	11.495,20
05.03.2015	11.427,64	11.504,01	11.532,82	11.409,05
04.03.2015	11.317,24	11.390,38	11.390,38	11.193,30
03.03.2015	11.424,67	11.280,36	11.465,23	11.280,36
02.03.2015	11.408,28	11.410,36	11.455,08	11.362,88
27.02.2015	11.337,11	11.401,66	11.401,66	11.301,34
26.02.2015	11.206,66	11.327,19	11.330,63	11.187,00
25.02.2015	11.208,27	11.210,27	11.225,60	11.174,78
24.02.2015	11.128,17	11.205,74	11.228,37	11.090,73
23.02.2015	11.150,47	11.130,92	11.158,55	11.069,77
20.02.2015	10.976,77	11.050,64	11.081,81	10.946,90
19.02.2015	10.932,49	11.001,94	11.022,26	10.874,97
18.02.2015	10.931,72	10.961,00	10.980,98	10.909,60
17.02.2015	10.847,73	10.895,62	10.921,26	10.765,02
16.02.2015	10.946,88	10.923,23	10.963,49	10.909,49
13.02.2015	10.952,39	10.963,40	11.013,85	10.948,49
12.02.2015	10.746,91	10.919,65	10.955,45	10.746,91
11.02.2015	10.765,00	10.752,11	10.791,59	10.696,78
10.02.2015	10.675,59	10.753,83	10.797,46	10.594,32
09.02.2015	10.765,21	10.663,51	10.767,22	10.614,12
06.02.2015	10.866,20	10.846,39	10.877,67	10.802,89
05.02.2015	10.840,79	10.905,41	10.926,73	10.822,75
04.02.2015	10.892,50	10.911,32	10.912,24	10.803,10
03.02.2015	10.867,61	10.890,95	10.984,69	10.860,03
02.02.2015	10.719,18	10.828,01	10.828,01	10.677,39
30.01.2015	10.801,38	10.694,32	10.804,04	10.642,59
29.01.2015	10.666,43	10.737,87	10.743,57	10.607,72
28.01.2015	10.719,40	10.710,97	10.728,83	10.552,76
27.01.2015	10.785,90	10.628,58	10.810,57	10.592,46
26.01.2015	10.592,97	10.798,33	10.807,57	10.589,07
23.01.2015	10.503,33	10.649,58	10.704,32	10.502,85
22.01.2015	10.300,26	10.435,62	10.454,05	10.228,53
21.01.2015	10.270,33	10.299,23	10.311,90	10.149,77
20.01.2015	10.278,55	10.257,13	10.298,42	10.211,39
19.01.2015	10.231,58	10.242,35	10.293,04	10.191,98
16.01.2015	9.985,51	10.167,77	10.207,97	9.940,64
15.01.2015	9.933,45	10.032,61	10.063,18	9.637,33
14.01.2015	9.810,70	9.817,08	9.962,98	9.768,10
13.01.2015	9.759,57	9.941,00	9.978,94	9.755,02
12.01.2015	9.697,46	9.781,90	9.815,96	9.622,32
09.01.2015	9.813,99	9.648,50	9.860,18	9.601,75
08.01.2015	9.643,77	9.837,61	9.855,43	9.607,90
07.01.2015	9.510,34	9.518,18	9.592,37	9.459,18
06.01.2015	9.484,25	9.469,66	9.624,65	9.382,82
05.01.2015	9.735,65	9.473,16	9.790,27	9.468,58
02.01.2015	9.869,13	9.764,73	9.879,53	9.687,26
30.12.2014	9.883,10	9.805,55	9.886,78	9.805,55
29.12.2014	9.914,87	9.927,13	9.927,85	9.775,45
23.12.2014	9.887,24	9.922,11	9.922,11	9.848,06
22.12.2014	9.827,26	9.865,76	9.924,01	9.826,55
19.12.2014	9.901,26	9.786,96	9.901,26	9.688,66
18.12.2014	9.711,61	9.811,06	9.811,06	9.671,18
17.12.2014	9.455,74	9.544,43	9.589,25	9.429,40
16.12.2014	9.366,56	9.563,89	9.567,09	9.219,05
15.12.2014	9.599,82	9.334,01	9.678,26	9.330,99
12.12.2014	9.794,20	9.594,73	9.799,65	9.586,22
11.12.2014	9.770,66	9.862,53	9.907,82	9.763,41
10.12.2014	9.859,78	9.799,73	9.909,39	9.775,39
09.12.2014	9.904,58	9.793,71	9.951,66	9.786,38
08.12.2014	10.060,91	10.014,99	10.084,95	10.014,99
05.12.2014	9.931,96	10.087,12	10.093,03	9.929,47
04.12.2014	9.998,85	9.851,35	10.083,74	9.835,42
03.12.2014	9.978,89	9.971,79	9.993,85	9.930,53
02.12.2014	9.983,79	9.934,08	10.038,21	9.910,21
01.12.2014	9.915,74	9.963,51	9.979,08	9.906,42
28.11.2014	9.990,70	9.980,85	9.990,70	9.902,40
27.11.2014	9.934,78	9.974,87	9.992,67	9.920,86
26.11.2014	9.894,60	9.915,56	9.942,67	9.868,35
25.11.2014	9.790,03	9.861,21	9.921,46	9.787,26
24.11.2014	9.722,31	9.785,54	9.832,41	9.711,77
21.11.2014	9.521,24	9.732,55	9.736,14	9.508,17
20.11.2014	9.460,40	9.483,97	9.487,69	9.382,23
19.11.2014	9.462,05	9.472,80	9.521,73	9.439,16
18.11.2014	9.323,75	9.456,53	9.461,53	9.323,52
17.11.2014	9.162,27	9.306,35	9.331,32	9.161,60
14.11.2014	9.272,36	9.252,94	9.284,13	9.184,46
13.11.2014	9.260,53	9.248,51	9.311,00	9.170,28
12.11.2014	9.339,68	9.210,96	9.359,37	9.189,63
11.11.2014	9.374,36	9.369,03	9.400,90	9.324,77
10.11.2014	9.233,87	9.351,87	9.351,87	9.222,57
07.11.2014	9.406,16	9.291,83	9.414,32	9.239,11
06.11.2014	9.284,97	9.377,41	9.467,36	9.268,63
05.11.2014	9.238,07	9.315,48	9.329,07	9.226,34
04.11.2014	9.244,09	9.166,47	9.317,92	9.148,78
03.11.2014	9.305,73	9.251,70	9.343,64	9.236,18
31.10.2014	9.283,40	9.326,87	9.339,33	9.217,00
30.10.2014	9.091,13	9.114,84	9.146,95	8.899,90
29.10.2014	9.139,00	9.082,81	9.157,63	9.072,64
28.10.2014	8.983,06	9.068,19	9.077,89	8.968,59
27.10.2014	9.080,80	8.902,61	9.085,64	8.837,66
24.10.2014	9.008,60	8.987,80	9.044,85	8.955,59
23.10.2014	8.873,54	9.047,31	9.068,12	8.820,89
22.10.2014	8.934,54	8.940,14	8.957,16	8.861,44
21.10.2014	8.693,06	8.886,96	8.889,78	8.644,71
20.10.2014	8.819,26	8.717,76	8.834,73	8.682,59
17.10.2014	8.629,16	8.850,27	8.850,27	8.588,42
16.10.2014	8.623,28	8.582,90	8.662,86	8.354,97
15.10.2014	8.838,68	8.571,95	8.847,85	8.555,73
14.10.2014	8.765,36	8.825,21	8.854,39	8.701,44
13.10.2014	8.703,85	8.812,43	8.872,40	8.699,60
10.10.2014	8.924,58	8.788,81	8.958,66	8.788,21
09.10.2014	9.082,66	9.005,02	9.140,29	8.975,06
08.10.2014	9.027,90	8.995,33	9.064,88	8.960,43
07.10.2014	9.164,77	9.086,21	9.170,24	9.080,35
06.10.2014	9.341,05	9.209,51	9.343,65	9.185,86
02.10.2014	9.363,28	9.195,68	9.412,62	9.195,68
01.10.2014	9.454,04	9.382,03	9.520,97	9.357,55
30.09.2014	9.446,81	9.474,30	9.495,00	9.404,89
29.09.2014	9.495,58	9.422,91	9.504,98	9.369,62
26.09.2014	9.500,55	9.490,55	9.545,34	9.454,88
25.09.2014	9.644,36	9.510,01	9.718,11	9.482,54
24.09.2014	9.598,77	9.661,97	9.669,45	9.534,77
23.09.2014	9.713,40	9.595,03	9.719,66	9.589,03
22.09.2014	9.748,53	9.749,54	9.812,77	9.735,69
19.09.2014	9.849,43	9.799,26	9.891,20	9.799,24
18.09.2014	9.703,10	9.798,13	9.798,13	9.686,43
17.09.2014	9.672,98	9.661,50	9.695,44	9.649,99
16.09.2014	9.644,28	9.632,93	9.644,88	9.588,65
15.09.2014	9.603,97	9.659,63	9.682,46	9.600,15
12.09.2014	9.706,59	9.651,13	9.706,59	9.617,70
11.09.2014	9.729,89	9.691,28	9.732,83	9.630,67
10.09.2014	9.672,45	9.700,17	9.723,08	9.635,50
09.09.2014	9.737,56	9.710,70	9.769,21	9.695,44
08.09.2014	9.767,90	9.758,03	9.773,70	9.721,71
05.09.2014	9.714,24	9.747,02	9.774,65	9.691,44
04.09.2014	9.591,43	9.724,26	9.732,78	9.539,92
03.09.2014	9.541,02	9.626,49	9.683,10	9.528,72
02.09.2014	9.525,15	9.507,02	9.578,50	9.485,24
01.09.2014	9.484,53	9.479,03	9.500,20	9.424,78
29.08.2014	9.483,42	9.470,17	9.517,95	9.369,40
28.08.2014	9.545,21	9.462,56	9.546,81	9.417,16
27.08.2014	9.583,98	9.569,71	9.600,85	9.546,55
26.08.2014	9.481,56	9.588,15	9.591,72	9.446,37
25.08.2014	9.456,67	9.510,14	9.510,14	9.424,11
22.08.2014	9.390,29	9.339,17	9.414,39	9.291,93
21.08.2014	9.328,71	9.401,53	9.405,93	9.278,86
20.08.2014	9.329,89	9.314,57	9.333,68	9.247,84
19.08.2014	9.276,19	9.334,28	9.350,27	9.276,18
18.08.2014	9.220,99	9.245,33	9.261,65	9.195,11
15.08.2014	9.239,00	9.092,60	9.324,57	9.067,58
14.08.2014	9.161,81	9.225,10	9.265,92	9.149,41
13.08.2014	9.133,84	9.198,88	9.213,61	9.118,15
12.08.2014	9.166,92	9.069,47	9.171,94	9.050,00
11.08.2014	9.106,67	9.180,74	9.199,00	9.089,31
08.08.2014	8.928,19	9.009,32	9.061,00	8.903,49
07.08.2014	9.081,29	9.038,97	9.166,04	9.025,82
06.08.2014	9.084,52	9.130,04	9.166,21	9.030,72
05.08.2014	9.186,03	9.189,74	9.237,14	9.152,38
04.08.2014	9.222,05	9.154,14	9.243,23	9.130,34
01.08.2014	9.379,74	9.210,08	9.394,48	9.185,41
31.07.2014	9.576,16	9.407,48	9.582,74	9.395,35
30.07.2014	9.646,43	9.593,68	9.704,01	9.572,90
29.07.2014	9.607,10	9.653,63	9.692,33	9.573,48
28.07.2014	9.660,71	9.598,17	9.665,05	9.527,59
25.07.2014	9.770,24	9.644,01	9.794,85	9.620,58
24.07.2014	9.772,15	9.794,06	9.810,47	9.674,68
23.07.2014	9.727,43	9.753,56	9.802,06	9.723,98
22.07.2014	9.682,21	9.734,33	9.735,71	9.647,74
21.07.2014	9.711,68	9.612,05	9.717,70	9.597,62
18.07.2014	9.703,67	9.720,02	9.721,08	9.655,51
17.07.2014	9.819,45	9.753,88	9.845,85	9.743,62
16.07.2014	9.747,88	9.859,27	9.871,58	9.747,52
15.07.2014	9.764,69	9.719,41	9.788,71	9.711,86
14.07.2014	9.710,92	9.783,01	9.793,78	9.693,89
11.07.2014	9.672,17	9.666,34	9.708,43	9.623,36
10.07.2014	9.807,25	9.659,13	9.807,25	9.617,59
09.07.2014	9.789,05	9.808,20	9.817,47	9.752,79
08.07.2014	9.918,27	9.772,67	9.920,78	9.772,14
07.07.2014	9.992,13	9.906,07	10.015,36	9.905,60
04.07.2014	10.028,71	10.009,08	10.030,81	10.007,40
03.07.2014	9.910,47	10.029,43	10.032,28	9.907,01
02.07.2014	9.913,00	9.911,27	9.936,39	9.890,11
01.07.2014	9.853,74	9.902,41	9.902,41	9.835,74
